1514272434729 -2.6097596 2.5115943 8.217151
1514272434792 -0.9720756 1.5490957 8.025609
1514272434844 -1.5658557 -0.2681588 9.653716
1514272434910 -2.0782306 1.6759924 12.033626
1514272434977 1.6161355 -0.36871833 7.501263
1514272435028 1.6496553 -1.1660118 9.534002
1514272435079 -0.076616794 0.090982445 13.319351
1514272435129 -0.5794145 0.6847626 10.352844
1514272435194 -0.21787901 2.011191 8.001666
1514272435245 -0.34956414 2.2841382 9.543579
1514272435295 0.10055954 2.813273 9.110215
1514272435346 -0.84039044 2.7677817 9.77343
1514272435408 -0.6751855 3.0191805 8.595447
1514272435463 -0.25139886 3.45015 9.428655
1514272435516 -0.76137936 3.301705 8.992896
1514272435567 -0.96489275 4.333637 10.0200405
1514272435628 0.4836435 2.5403256 10.077502
1514272435698 0.03351985 0.6751855 12.972181
1514272435749 0.61293435 0.749408 10.513261
1514272435815 -0.80687064 1.9010541 7.659285
1514272435865 0.47167215 2.2410412 8.207574
1514272435934 -0.05506832 3.241848 8.111803
1514272435985 0.49800915 3.397476 8.9976845
1514272436049 0.21787901 3.5147953 8.827691
1514272436099 0.11492519 3.6129606 8.73192
1514272436157 -0.038308397 3.8547823 8.566715
1514272436215 -0.105348095 4.1612496 8.377567
1514272436265 0.18196489 4.4126487 9.28021
1514272436332 -0.5770202 4.824464 10.422278
1514272436386 -1.0079896 2.648068 13.723983
1514272436451 -1.2809371 2.0710478 10.460587
1514272436502 -1.9393626 2.2937152 6.019207
1514272436553 -0.74222517 2.056682 7.755056
1514272436604 -0.14844504 2.0614705 9.009656
1514272436666 -0.23224466 2.47568 8.971348
1514272436734 -0.54350036 3.0790374 8.303345
1514272436784 -0.4860378 3.5602865 8.159689
1514272436852 -0.3974496 4.120547 7.9944835
1514272436904 -0.24900457 4.051113 9.024022
1514272436959 -0.2944958 3.6177492 10.395941
1514272437010 -0.22027329 3.562681 10.628186
1514272437073 0.87151605 3.7757714 8.341654
1514272437124 0.3998439 0.31365 16.597113
1514272437191 0.0 1.664021 7.910684
1514272437258 1.6568382 3.3831103 6.735095
1514272437315 -0.38547826 3.328042 6.8476257
1514272437375 -1.2953026 3.100586 8.430242
1514272437426 -0.75659084 3.179597 9.229929
1514272437489 0.5147691 4.2043467 9.016839
1514272437539 0.45491222 4.3911 8.954588
1514272437590 -0.21069619 4.563488 8.865999
1514272437640 -0.73743665 4.6065845 9.665688
1514272437691 -1.7190893 5.044737 9.024022
1514272437744 -1.9465454 3.1173458 12.031231
1514272437811 -2.3583608 1.8076775 10.527626
1514272437880 -1.9944309 2.832427 5.6792197
1514272437931 -2.0016139 2.169213 7.9130783
1514272437983 -1.776552 1.8220432 10.328901
1514272438045 -1.3431882 2.753416 8.504464
1514272438111 -0.80687064 3.493247 8.214757
1514272438163 -1.4150164 3.684789 8.181237
1514272438229 -1.2929084 3.9266107 9.205987
1514272438299 -0.4189981 3.8380225 10.570724
1514272438350 -0.5363176 4.120547 10.125388
1514272438417 1.1492519 0.89545876 16.3936
1514272438470 -0.028731298 1.5059988 9.349643
1514272438533 0.98404694 2.6169424 6.385531
1514272438583 1.3527653 3.4812756 6.7662206
1514272438649 -1.063058 3.5602865 7.362395
1514272438718 -1.5467016 3.2873392 10.89395
1514272438769 -1.3551595 3.493247 9.000079
1514272438826 0.14605077 3.7757714 8.253065
1514272438883 0.97446984 4.276175 7.6640735
1514272438935 -0.11492519 4.7334814 7.884347
1514272438986 -0.55786604 4.9944572 8.377567
1514272439052 -1.6041641 4.743058 10.546781
1514272439103 -0.81644773 2.126116 13.994536
1514272439171 -1.5059988 2.578634 7.616188
1514272439237 -0.37350687 2.52596 7.8364615
1514272439287 -0.42378664 2.5307484 8.2387
1514272439340 -0.723071 2.5929997 9.929058
1514272439391 -0.5961744 3.057489 8.396722
1514272439459 -0.37590113 3.8140798 7.9130783
1514272439509 -0.24900457 4.173221 8.277008
1514272439572 -0.56265455 4.371946 8.973742
1514272439624 -0.07901107 4.0918155 10.331296
1514272439687 0.11253092 4.5347567 9.814133
1514272439755 0.23463893 1.0726352 14.188473
1514272439805 -0.63208854 1.647261 8.219545
1514272439870 1.446142 2.6815877 7.513234
1514272439921 -0.37350687 3.2442424 6.550736
1514272439972 -1.1731946 3.8763309 6.3567996
1514272440027 -1.2138973 3.5674694 8.696006
1514272440089 -1.0510867 3.5147953 10.592272
1514272440143 0.20351335 4.4844766 8.473338
1514272440205 0.29928434 4.843618 7.884347
1514272440274 -1.063058 5.1021996 10.779025
1514272440324 -1.9393626 5.5571117 10.115811
1514272440390 -1.9896424 2.770176 13.034432
1514272440441 -2.2099156 2.7414446 7.24747
1514272440493 -0.9720756 2.4110348 7.3480296
1514272440543 -0.87630457 2.5068057 8.111803
1514272440609 -0.37590113 3.3687446 7.7311134
1514272440660 -0.31604427 4.1013927 7.7311134
1514272440711 -0.3998439 4.460534 7.74069
1514272440763 -0.37350687 4.826858 8.60263
1514272440813 -0.33759275 4.869955 8.470944
1514272440864 -0.26337022 4.6113734 9.294575
1514272440927 -0.6895511 5.360781 9.059936
1514272440978 0.8356019 5.0662856 9.646533
1514272441030 0.5027977 2.22907 13.779052
1514272441080 -0.5865973 1.9106313 9.454991
1514272441132 0.8284191 3.4860642 6.119766
1514272441183 1.6975409 3.6201434 7.7071705
1514272441234 -1.5730386 3.4860642 7.3192983
1514272441285 -1.6879637 3.912245 7.9489923
1514272441340 -0.62251145 3.8739367 8.578687
1514272441391 -0.5602603 4.0367475 8.18842
1514272441450 -0.07422252 4.4461684 8.741497
1514272441501 -0.47885495 4.896292 8.427847
1514272441553 -0.73743665 5.1237483 7.953781
1514272441619 -1.8914771 5.341627 9.933846
1514272441671 -2.595394 6.2059603 7.9154725
1514272441737 -2.5714512 2.5834224 12.4909315
1514272441787 -3.703943 2.8946784 8.346442
1514272441860 -1.4916332 2.8491871 9.850046
1514272441911 -1.5754328 2.9928436 8.346442
1514272441970 -1.0678465 3.9337935 7.764633
1514272442038 -1.3623424 3.8763309 8.226728
1514272442088 -1.8220432 3.8045027 9.225141
1514272442155 -2.1332989 4.45814 7.391126
1514272442206 -3.189174 4.5419393 7.3647895
1514272442271 -3.8643596 4.04393 9.131764
1514272442342 -2.3152637 4.3264546 7.781393
1514272442393 -2.3344178 4.2139235 8.25546
1514272442462 -2.169213 4.5874305 8.842057
1514272442521 -3.4118416 4.410254 6.9936767
1514272442571 -2.6265194 4.067873 8.966559
1514272593491 -3.2442424 4.288146 6.1269493
1514272593541 -0.600963 1.9417568 13.668915
1514272593594 -1.8962656 1.4844503 11.667301
1514272593664 -0.67279124 3.955342 9.088667
1514272593714 0.89067024 4.022382 8.241094
1514272593779 -1.3048798 4.3599744 8.760652
1514272593830 0.5818088 4.903475 8.224334
1514272593892 0.845179 4.4318027 6.8859344
1514272593965 1.733455 4.113364 6.962551
1514272594015 1.8555629 4.2211065 6.8715687
1514272594083 1.3264283 3.615355 11.109435
1514272594133 -0.105348095 3.1341057 10.628186
1514272594200 0.65842557 3.4740927 9.299363
1514272594250 0.95531565 3.756617 8.717555
1514272594312 1.0870007 3.8547823 8.236305
1514272594381 0.70870537 3.5650752 9.364009
1514272594432 0.22985038 3.4573328 9.675264
1514272594497 -0.29928434 3.605778 9.277815
1514272594548 -0.15083931 4.0535073 8.8324795
1514272594599 -0.22027329 4.5108137 8.526012
1514272594650 0.23942748 4.862772 9.567522
1514272594715 -0.3423813 4.68799 9.862018
1514272594765 0.47167215 3.510007 9.488511
1514272594816 1.2043202 2.3679378 12.639377
1514272594867 0.05985687 2.6145482 8.403905
1514272594919 -0.076616794 2.083019 7.2953553
1514272594969 0.4644893 1.4509305 7.467743
1514272595034 1.4174107 -2.1907616 2.6456738
1514272595102 1.5371244 -5.0758624 -4.3073006
1514272595152 4.0894213 -6.5603127 -2.5738454
1514272595202 8.279403 -9.287392 2.604971
1514272595254 16.482187 -9.972155 5.549929
1514272595319 23.099964 -10.750294 8.293768
1514272595370 23.772755 -7.225921 -2.8683412
1514272595421 18.780691 -6.136526 -6.9888883
1514272595471 14.648173 -10.010463 3.493247
1514272595538 9.268238 -9.581888 3.2610023
1514272595589 4.5610933 -9.541185 8.854029
1514272595639 7.676045 -2.6025767 -3.397476
1514272595690 7.020014 -0.76137936 -0.21069619
1514272595741 3.0096035 -2.099779 6.838049
1514272595792 4.73827 -0.9433443 -1.2929084
1514272595855 6.811712 -3.2514253 -3.0981915
1514272595906 11.921094 -3.222694 -2.9689007
1514272595957 9.227535 -4.7334814 7.4701376
1514272596009 12.668108 -4.1780095 2.5092
1514272596059 12.385584 -5.4254265 12.328121
1514272596110 6.543553 -4.417437 1.9896424
1514272596174 2.4804688 -4.2833576 10.161303
1514272596242 4.9968514 -2.456526 5.734288
1514272596293 -0.14365649 -3.7159145 2.8946784
1514272596359 0.9864412 -4.285752 9.522031
1514272596410 1.2857256 -3.2729738 6.694392
1514272596477 -2.6648278 -5.279376 7.312115
1514272596527 -5.0184 -2.1380875 7.762239
1514272596578 -12.737542 -6.308914 5.89231
1514272596628 -8.044764 -10.190034 2.6935592
1514272596679 -5.827665 -8.2387 -1.8340145
1514272596730 -0.35435268 -7.312115 0.8284191
1514272596795 -1.8842943 -18.93153 16.216423
1514272596846 -2.8515813 -9.304152 -1.8100717
1514272596896 -0.6081458 -7.4892917 2.2338583
1514272596948 1.1564348 -3.9194279 -1.4844503
1514272596998 0.10774237 -4.455745 0.37350687
1514272597048 -3.8547823 -10.606637 17.475811
1514272597099 -5.813299 -16.52289 8.523619
1514272597151 1.3455825 -7.046351 3.8212626
1514272597214 -3.1053743 -16.451063 -0.37350687
1514272597266 1.3479767 -5.2913475 -3.213117
1514272597316 1.3096683 -14.195655 -0.2753416
1514272597367 -2.7055306 -7.350424 -4.2378664
1514272597419 -0.21787901 -7.989695 -2.3894863
1514272597470 3.4477558 -8.719949 11.44224
1514272597533 0.2753416 -9.134158 0.15083931
1514272597601 -1.3264283 -12.366429 3.9888618
1514272597651 -3.1053743 -11.93546 -0.53871185
1514272597717 -3.1221344 -13.029643 0.5554718
1514272597768 -0.22506183 -12.33291 -1.8723229
1514272597819 3.6728175 -19.170958 -4.2211065
1514272597869 4.1804037 -11.372806 1.1995317
1514272597919 1.2953026 -6.857203 -2.3918805
1514272597969 3.553104 -3.8859081 -1.0582695
1514272598020 2.6432793 -4.12773 -0.7685622
1514272598070 3.3064935 -1.7071179 -2.2889266
1514272598137 3.7590115 -9.323306 8.557138
1514272598188 1.9202085 -8.91149 4.486871
1514272598240 9.957788 -10.786208 0.23942748
1514272598291 4.8316464 -11.449422 -9.481328
1514272598355 5.8396363 -4.5275736 -3.6991546
1514272598406 3.093403 -11.6409645 -2.3823035
1514272598457 1.3958622 -5.7438655 -1.1133378
1514272598508 1.6424725 -7.702382 4.539545
1514272598559 1.2306572 -8.7534685 4.6927786
1514272598610 0.40223816 -9.893144 -2.7079248
1514272598674 2.49244 -11.071127 2.9593236
1514272598724 -0.39505535 -13.386391 2.2099156
1514272598774 -1.2617828 -14.595499 3.5171897
1514272598825 1.7406378 -11.566742 0.4740664
1514272598875 3.9481592 -16.846117 -2.5762396
1514272598926 10.405519 -13.161328 1.8699286
1514272598976 1.594587 -5.6385174 -2.4445546
1514272599027 2.2697725 -4.0391417 -1.7741576
1514272599079 2.6624336 -3.4238129 -2.8204558
1514272599129 2.588211 -3.0000262 -2.413429
1514272599179 4.225895 -10.257073 9.232324
1514272599230 3.545921 -13.4510355 15.888408
1514272599295 7.142122 -3.407053 1.4581133
1514272599346 6.0862465 -11.80138 -5.854002
1514272599398 3.2538195 -3.8643596 -2.997632
1514272599449 3.2610023 -13.819755 -2.466103
1514272599500 2.4517374 -7.1373334 -1.0822122
1514272599550 2.0064023 -7.9322324 0.7541966
1514272599614 2.7294734 -7.228316 4.8723493
1514272599665 1.1372806 -8.842057 -2.3056867
1514272599715 1.7645805 -10.31693 1.0032011
1514272599782 -0.52913475 -12.984152 0.09337672
1514272599832 -0.36871833 -13.896371 3.8452053
1514272599898 0.600963 -10.393547 1.1540405
1514272599949 5.3464155 -18.301836 -3.4357843
1514272600000 10.149331 -15.696866 -1.8316202
1514272600052 2.2123098 -4.40786 -1.647261
1514272600116 3.3831103 -4.8148866 -0.18435916
1514272600167 0.35674694 -4.843618 -2.7917244
1514272600218 2.6720107 -3.0981915 -2.0375278
1514272600269 5.0375543 -12.323333 8.41827
1514272600320 2.7079248 -7.352818 5.995264
1514272600371 5.7965393 -4.723904 0.9074302
1514272600435 8.183631 -14.389591 -2.0686533
1514272600503 5.2937417 -12.4622 -3.1604428
1514272600555 1.5610672 -10.357633 -2.4541316
1514272600619 0.96489275 -7.4198575 -1.4581133
1514272600670 1.8244374 -8.925857 0.8739103
1514272600722 0.3519584 -8.475733 3.668029
1514272600772 0.8475733 -9.873989 -0.45970076
1514272600837 0.94095 -11.020847 1.4485363
1514272600887 -0.45491222 -12.888381 1.802889
1514272600938 -0.6847626 -14.454237 2.7869358
1514272600988 0.6153286 -11.174081 0.7134939
1514272601039 2.8874955 -15.009708 -3.703943
1514272601090 8.444607 -13.304985 -2.2194927
1514272601156 3.0981915 -5.0591025 0.009577099
1514272601207 3.8140798 -5.504438 -2.7414446
1514272601258 0.17238778 -5.3105016 -2.595394
1514272601308 2.6337023 -3.067066 -2.0686533
1514272601358 4.2570205 -8.648121 2.1716073
1514272601409 1.2402344 -9.6896305 9.668081
1514272601460 9.4095 -7.4461946 0.5818088
1514272601510 3.4549387 -5.954561 -10.362421
1514272601562 1.498816 -1.3791022 -4.453351
1514272601613 3.328042 -18.026495 -3.4645157
1514272601676 1.2474172 -6.0048413 -1.0175668
1514272601744 0.61293435 -9.759064 1.6664152
1514272601794 0.28731298 -7.982512 5.681614
1514272601861 0.53392327 -11.181263 -0.05985687
1514272601912 2.3392065 -11.423085 3.4645157
1514272601978 0.13886794 -12.550789 4.3887057
1514272602028 1.1396748 -11.418297 3.205934
1514272602079 -1.733455 -13.10626 -4.173221
1514272602129 7.2594414 -16.388811 -4.024776
1514272602179 7.4461946 -9.941029 -0.33519846
1514272602230 3.7398572 -3.8236568 -2.2362528
1514272602282 -0.22985038 -5.4230323 -2.7414446
1514272602333 0.67279124 -2.6121538 -4.3695517
1514272602397 2.8084843 -6.9290314 -1.228263
1514272602448 2.3559663 -11.660118 11.863631
1514272602499 7.065505 -4.0104103 -0.8236305
1514272602549 7.046351 -15.773482 -3.6033835
1514272602600 1.951334 -2.4708917 -4.230684
1514272602652 3.6991546 -18.646612 -2.116539
1514272602702 -2.5810282 -5.6983743 -2.954535
1514272602753 2.6456738 -7.74069 0.028731298
1514272602817 0.53871185 -9.093455 2.6217308
1514272602883 -0.7589851 -9.885961 0.32083282
1514272602935 0.4764607 -12.028836 1.0319325
1514272603000 -2.6720107 -12.383189 0.6057515
1514272603052 -1.4126221 -13.673703 2.430189
1514272603103 -1.0415095 -13.542018 -2.8707354
1514272603153 4.515602 -16.999352 -3.8452053
1514272603220 6.7303066 -9.0288105 -2.056682
1514272603272 3.955342 -4.644893 0.2681588
1514272603337 1.3383996 -5.5978146 -2.2865324
1514272603387 -0.23942748 -4.4820824 -1.3934679
1514272603437 1.8196489 -7.8699813 -1.4700848
1514272603488 8.162083 -16.120653 20.988213
1514272603539 4.989669 -4.972909 -1.9393626
1514272603589 11.085492 -22.338585 -5.1452966
1514272603640 2.5762396 -4.477294 -3.8045027
1514272603690 4.113364 -13.103866 -2.1907616
1514272603741 -0.50040346 -7.3839436 -3.8571768
1514272603791 3.6009893 -8.775017 -1.4772675
1514272603843 2.3392065 -8.92825 1.0965779
1514272603894 0.723071 -8.705584 0.70870537
1514272603957 -1.5131817 -11.612233 8.681641
1514272604009 0.53871185 -8.274613 2.116539
1514272604059 -1.4341706 -8.636149 1.0965779
1514272604109 7.2091613 -18.89801 0.6081458
1514272604161 8.487704 -16.814993 -3.5674694
1514272604212 12.016866 -5.3679643 -0.7446195
1514272604263 2.6744049 -5.8013277 -3.5746522
1514272604314 1.5179702 -6.936214 -2.803696
1514272604376 1.3024855 -7.726325 -1.036721
1514272604427 2.1213274 -9.354432 1.4245936
1514272604477 1.7286664 -9.390346 16.946676
1514272604528 2.0064023 -5.731894 2.8013015
1514272604579 3.3112822 -9.301758 5.071074
1514272604629 4.9872746 -14.437477 4.0032277
1514272604680 5.341627 -8.217151 -2.5187771
1514272604730 5.377541 -9.330489 -2.0854135
1514272604781 4.6760187 -10.7048025 -0.12689656
1514272604831 3.4549387 -7.8627987 -3.4788814
1514272604897 3.9673133 -9.225141 -2.4996228
1514272604947 1.1133378 -11.11183 -4.1085753
1514272604998 -2.545114 -10.326508 -4.520391
1514272605049 -3.9313993 -9.900327 -2.595394
1514272605099 -4.084633 -8.358414 -2.6025767
1514272605150 -3.902668 -9.907509 -4.5443335
1514272605201 -5.715134 -15.093509 0.57223165
1514272605252 -0.85954463 -13.348082 -0.8786988
1514272605316 -4.3240604 -8.988108 2.6744049
1514272605384 1.5275474 -18.086351 -0.70870537
1514272605435 3.0718546 -15.8429165 6.526793
1514272605501 7.336058 -9.577099 -4.8364353
1514272605551 7.8364615 -5.478101 1.7693691
1514272605601 -1.2402344 -3.6632404 -2.3799093
1514272605652 -1.7190893 -1.2761484 -1.1420691
1514272605702 -1.1348863 -6.3975024 4.7789726
1514272605754 5.36557 -9.251478 7.980118
1514272605819 17.46863 -19.618689 18.859703
1514272605871 -1.0295382 0.24182175 -6.941003
1514272605922 2.9760835 -8.590658 -5.741471
1514272605973 -2.0878077 -7.3863378 -0.009577099
1514272606037 -0.14126222 -7.4797144 0.22506183
1514272606088 0.019154198 -7.987301 3.6009893
1514272606138 0.6153286 -8.576292 6.8907228
1514272606188 -1.0343267 -9.349643 -1.2234744
1514272606240 0.5123748 -11.796592 1.2929084
1514272606291 -3.45015 -13.374419 0.43815228
1514272606342 -2.126116 -12.486143 5.3679643
1514272606392 -0.27055305 -10.917893 3.8883023
1514272606443 0.2083019 -16.123047 -3.5411325
1514272606493 7.4605603 -17.131037 -2.885101
1514272606557 2.2242813 -6.237086 1.7071179
1514272606624 1.6831752 -4.5874305 -1.7502149
1514272606676 0.0023942748 -3.8140798 -4.1971636
1514272606741 0.7637737 -4.4916596 -2.0590763
1514272606792 14.490151 -22.226053 31.125572
1514272606843 5.935407 -5.190788 -1.2905141
1514272606894 8.712766 -24.814264 12.948238
1514272606960 0.8236305 -0.5411061 -3.634509
1514272607011 2.3679378 -18.76872 -2.7893302
1514272607064 -0.25139886 -5.933013 -2.5139885
1514272607114 1.6089526 -7.8460383 0.31843856
1514272607178 -0.45251793 -9.313729 1.6089526
1514272607228 -2.1452703 -9.850046 9.727939
1514272607279 -1.446142 -11.461393 -0.7733508
1514272607330 -1.9704882 -12.292207 3.301705
1514272607382 -3.3639562 -13.846091 1.3743137
1514272607433 -0.5554718 -11.782227 1.7262721
1514272607495 0.13886794 -13.115837 -3.9194279
1514272607552 7.309721 -15.158154 -1.9178141
1514272607614 1.2713599 -5.8851275 0.36392978
1514272607680 1.0558752 -6.426234 -0.7446195
1514272607731 -0.37350687 -5.011217 -2.6025767
1514272607783 1.9824595 -4.065479 -2.988055
1514272607835 4.0582957 -12.840496 6.0886407
1514272607899 5.5116205 -6.002447 7.0319853
1514272607949 9.72315 -19.079975 -6.2107487
1514272607999 0.9768641 -3.5052183 -7.965752
1514272608050 1.934574 -18.804634 -5.3727527
1514272608101 -1.6568382 -7.285778 -4.1373067
1514272608153 1.1253091 -7.5826683 -0.7326481
1514272608204 0.9289786 -9.428655 -0.07901107
1514272608254 -1.3575538 -9.067119 1.4916332
1514272608318 -1.3407938 -10.788602 7.170853
1514272608369 1.1420691 -11.772649 1.5514901
1514272608419 -4.496448 -13.108655 1.6712039
1514272608470 -2.8803127 -13.597087 3.2705793
1514272608520 0.3519584 -12.110242 1.8555629
1514272608571 1.9321798 -15.993755 -4.0894213
1514272608624 5.154874 -10.522838 -0.019154198
1514272608674 -0.11492519 -5.0184 0.9912298
1514272608738 1.3024855 -5.2027593 -1.1013664
1514272608790 -1.7933118 -4.0319586 -4.14449
1514272608840 1.0199611 -3.4788814 -3.0910087
1514272608894 10.412702 -20.1574 45.455307
1514272608946 5.542746 -8.162083 10.158908
1514272608998 8.480521 -23.229254 14.566768
1514272609067 1.3479767 -2.3368123 -6.409474
1514272609123 1.3695252 -25.18777 -1.9656997
1514272609175 -1.1277034 -4.68799 -2.4780743
1514272609227 1.2617828 -8.921068 0.2849187
1514272609278 0.2777359 -9.323306 1.6496553
1514272609344 -0.4956149 -9.80695 5.89231
1514272609394 -1.2569942 -11.96898 -0.090982445
1514272609460 -4.106181 -12.936267 3.3424077
1514272609510 -3.833234 -14.066364 3.1245286
1514272609562 0.23224466 -11.959403 1.960911
1514272609612 3.7685885 -16.846117 -3.3567734
1514272609664 4.5515165 -10.10384 -0.35674694
1514272609715 0.79250497 -5.360781 1.3312168
1514272609778 1.1420691 -5.1596622 -2.5570855
1514272609829 -0.7589851 -4.661653 -3.0287576
1514272609881 -0.5027977 -4.3168774 -3.1508656
1514272609932 11.250697 -16.101498 38.777676
1514272609983 5.06868 -3.9361877 1.9297855
1514272610034 6.639324 -10.999298 -9.335278
1514272610098 0.2466103 -3.093403 -5.652883
1514272610165 -0.73743665 -11.327314 -2.1500587
1514272610216 -1.951334 -5.190788 -2.9521408
1514272610282 0.5913859 -9.107821 0.021548472
1514272610332 -0.5650489 -8.561927 1.7238779
1514272610384 -1.1444633 -9.198804 5.4924664
1514272610434 -0.7541966 -11.198023 3.859571
1514272610500 -0.5147691 -12.28263 3.9409764
1514272610552 -3.4549387 -14.827744 5.154874
1514272610603 -0.9720756 -11.650541 -1.6664152
1514272610654 -0.9074302 -15.826157 -3.3208592
1514272610718 6.2586346 -12.675291 -0.71828246
1514272610785 2.5642684 -5.253039 -3.6991546
1514272610836 -1.4916332 -7.1732473 -0.22027329
1514272610902 1.403045 -3.2298768 -3.222694
1514272610953 0.24900457 -6.0407553 -2.4804688
1514272611020 5.260222 -20.679352 18.773508
1514272611070 9.596253 -10.00328 -3.512401
1514272611121 -0.29928434 -19.568407 26.492651
1514272611171 -0.31604427 -0.5698374 -4.764607
1514272611223 2.4972286 -25.460718 -6.0838523
1514272611274 -1.3647367 -5.506832 -0.9577099
1514272611339 0.5865973 -8.437425 1.063058
1514272611405 -1.3647367 -9.251478 -0.9194015
1514272611457 1.2210802 -9.445415 10.541992
1514272611521 0.009577099 -12.498115 2.5762396
1514272611572 -4.333637 -12.866833 2.7725701
1514272611623 -4.0151987 -14.80859 3.9744961
1514272611674 -4.5515165 -14.260301 -2.892284
1514272611740 6.098218 -17.365675 -3.9577363
1514272611791 0.70631105 -7.290567 2.6217308
1514272611843 3.275368 -5.212336 -3.9744961
1514272611894 -1.5227587 -5.097411 -1.8483802
1514272611959 -0.08858817 -3.301705 -3.5746522
1514272612026 9.502876 -19.700092 37.98038
1514272612077 6.8619914 -6.976917 11.248303
1514272612144 0.33519846 -12.763879 -12.033626
1514272612195 -1.350371 -0.7589851 -3.8547823
1514272612261 -1.2737542 -24.177387 -2.82285
1514272612312 -0.88109314 -6.0407553 -1.5083932
1514272612363 0.54828894 -8.332076 0.5698374
1514272612413 -0.6081458 -9.155706 0.59378016
1514272612479 -1.6400782 -8.679246 0.2753416
1514272612530 -0.74701375 -11.58829 6.3400397
1514272612582 0.31843856 -11.772649 0.9313729
1514272612634 -3.0359404 -10.968173 2.6432793
1514272612697 1.9010541 -11.243514 3.179597
1514272612764 -1.2091088 -17.490177 -2.2242813
1514272612815 3.258608 -14.789435 -3.3615618
1514272612882 2.1644244 -6.316097 0.5698374
1514272612933 0.5650489 -4.3911 -1.9848539
1514272612984 1.5107874 -3.2562137 -2.9329867
1514272613035 0.5961744 -4.2809634 -3.8045027
1514272613100 11.468576 -17.566793 43.623688
1514272613154 4.747847 -4.415043 4.352792
1514272613204 5.521198 -11.293795 -2.9329867
1514272613255 -1.3791022 -3.8523881 -8.130958
1514272613318 1.9393626 -16.714432 -3.2179053
1514272613369 -1.5012103 -5.863579 -1.472479
1514272613420 -0.28252444 -7.4438004 -0.7733508
1514272613473 0.15562786 -9.170073 0.4644893
1514272613534 -0.7733508 -9.153313 1.8555629
1514272613604 -1.489239 -11.394354 2.0806248
1514272613654 0.33519846 -12.376006 3.7781656
1514272613721 -3.1341057 -13.082317 1.6448668
1514272613774 -1.0846065 -11.303371 3.833234
1514272613838 -2.9689007 -14.210021 -2.944958
1514272613905 5.025583 -11.217177 0.27294734
1514272613955 -0.3902668 -6.1461034 -0.25139886
1514272614022 -0.74222517 -7.5826683 -1.9633054
1514272614073 1.5897985 -1.7645805 -4.522785
1514272614131 -0.69673395 -5.296136 -3.7661943
1514272614183 4.685596 -19.55883 16.975409
1514272614250 7.4270406 -7.6712565 -3.172414
1514272614301 0.8930645 -22.403229 5.032766
1514272614357 2.351178 -4.9154463 -3.301705
1514272614426 -1.7214836 -5.727105 -2.4158232
1514272614477 -1.0678465 -6.5555243 -2.5834224
1514272614541 0.53392327 -8.46855 0.4189981
1514272614592 -1.0726352 -9.210775 2.595394
1514272614647 -1.4365649 -10.395941 15.00492
1514272614698 -1.2330515 -11.336891 1.0678465
1514272614759 -3.3136764 -13.467795 0.2849187
1514272614811 -3.0766432 -11.44224 2.9162266
1514272614868 -0.7685622 -12.56276 -2.8396099
1514272614932 6.385531 -15.613066 -2.9904492
1514272614982 2.978478 -8.971348 1.6592325
1514272615046 -1.2953026 -6.58665 -2.4804688
1514272615099 -1.5754328 -4.9872746 -3.344802
1514272615165 0.6464542 -5.652883 -2.770176
1514272615217 7.881953 -16.479794 30.809528
1514272615280 4.6760187 -4.113364 6.2682114
1514272615334 6.3352513 -26.042526 11.578713
1514272615399 0.15083931 -4.7095385 -3.0335462
1514272615469 -2.727079 -6.830866 -2.9904492
1514272615519 -3.050306 -5.7438655 -0.0670397
1514272615582 0.9122187 -9.325701 0.031125572
1514272615632 -0.967287 -8.236305 2.0949905
1514272615685 -2.4086404 -9.119793 2.413429
1514272615736 -1.2569942 -12.543606 2.6504622
1514272615807 -4.1253357 -12.955421 -1.5083932
1514272615857 -3.1748085 -12.92669 3.4429672
1514272615916 -3.0622776 -11.667301 -2.578634
1514272615987 3.972102 -15.091114 -4.6305275
1514272616039 2.2937152 -9.498088 -0.43336374
1514272616105 1.0798179 -5.4254265 -2.2841382
1514272616157 -1.4533248 -5.9210415 -0.7039168
1514272616223 0.8930645 -3.510007 -4.1157584
1514272616289 10.158908 -18.546053 38.104885
1514272616340 5.044737 -6.952974 10.520444
1514272616406 -0.14605077 -11.020847 -12.225167
1514272616456 -3.407053 1.9920366 -7.3767605
1514272616509 -1.4102279 -30.550947 -3.3256476
1514272616559 -1.934574 -6.035967 0.22985038
1514272616625 -0.0047885496 -8.248277 0.86193895
1514272616676 -1.0989721 -9.27542 3.5339496
1514272616743 -1.4964218 -7.59464 2.8276386
1514272616794 -0.77574503 -12.088694 3.5866237
1514272616846 -3.213117 -13.154146 0.6081458
1514272616896 -3.7111259 -12.957815 1.8507744
1514272616960 -2.176396 -11.506885 0.9217958
1514272617029 3.6177492 -16.92034 -2.588211
1514272617080 4.577853 -14.087913 -4.601796
1514272617147 2.2530127 -5.770202 0.35674694
1514272617198 -1.4150164 -4.599402 -4.896292
1514272617260 0.55307746 -2.0590763 -3.222694
1514272617312 -1.185166 -10.340873 -1.3958622
1514272617362 10.611426 -18.924349 29.689007
1514272617414 3.955342 -5.863579 -0.43336374
1514272617467 7.084659 -28.31709 19.762344
1514272617518 -0.9385557 -0.65363705 -6.2682114
1514272617577 0.50758624 -21.043282 -3.7446458
1514272617628 -2.1213274 -5.808511 -1.1372806
1514272617679 0.74701375 -7.1756415 -0.44294083
1514272617730 -0.5123748 -9.081485 0.9792584
1514272617781 -0.6368771 -8.200391 -0.011971374
1514272617832 -0.90503585 -10.163696 2.126116
1514272617884 1.924997 -12.241927 8.197997
1514272617935 -2.954535 -13.348082 1.1564348
1514272617999 -3.189174 -13.269071 2.770176
1514272618069 -1.4485363 -15.445467 -2.1093562
1514272618120 3.040729 -15.320965 -3.6632404
1514272618183 0.6249057 -6.471725 0.6656084
1514272618234 1.9896424 -6.445388 -1.4341706
1514272618286 -3.189174 -6.0311785 0.38068968
1514272618337 0.9122187 -2.6815877 -4.2570205
1514272618399 -1.1468576 -12.778245 -1.2474172
1514272618449 2.2769554 -11.770255 14.358466
1514272618504 3.1508656 -11.351257 -8.41827
1514272618556 3.45015 -13.000913 -10.419884
1514272618620 2.597788 -7.3216925 -5.2147307
1514272618688 -1.2809371 -5.5714774 -2.832427
1514272618739 -0.26097596 -7.6257653 -1.3431882
1514272618806 -1.3958622 -8.7534685 3.8619652
1514272618856 -1.2162915 -7.5898514 1.0415095
1514272618908 -1.3312168 -10.757477 2.142876
1514272618959 -0.21309046 -11.3105545 5.03516
1514272619023 -3.972102 -13.19006 2.0231621
1514272619075 -3.2298768 -11.626598 1.9226027
1514272619141 -1.2665714 -14.44466 -2.9329867
1514272619192 5.9976583 -14.667328 -3.1388943
1514272619244 1.802889 -6.8332605 1.9106313
1514272619294 1.908237 -4.9800916 -1.8507744
1514272619359 -2.3032923 -5.995264 -3.3950818
1514272619428 -0.6488485 -5.4110613 -2.6360965
1514272619478 3.5578923 -15.838128 26.222097
1514272619542 6.1724405 -5.5714774 5.4948606
1514272619594 4.268992 -18.261133 -4.807704
1514272619657 -0.4189981 -4.965726 -2.710319
1514272619711 -2.004008 -9.665688 -1.9010541
1514272619762 -2.7031362 -5.705557 -1.8723229
1514272619813 -0.25858167 -8.952193 -0.09337672
1514272619878 -0.04070267 -9.419077 0.5243462
1514272619947 -0.8332076 -9.397529 7.49408
1514272619998 0.0 -11.880392 4.6281333
1514272620063 -4.539545 -12.64656 -0.6296943
1514272620113 -5.2674046 -12.52924 2.5307484
1514272620177 0.09337672 -12.18207 -3.6919718
1514272620246 5.2027593 -13.625818 -2.9090438
1514272620298 1.3216397 -8.523619 2.1907616
1514272620364 -0.33759275 -5.542746 -2.8420043
1514272620416 -1.8866886 -5.0758624 -1.2905141
1514272620482 -1.0151725 -4.565882 -3.1221344
1514272620533 8.25546 -14.480574 41.18871
1514272620586 6.7398834 -6.3831367 4.3887057
1514272620637 8.420665 -15.495747 -5.7797794
1514272620701 -1.5347302 -2.7845416 -5.899493
1514272620769 -1.3743137 -10.867614 0.035914123
1514272620820 -3.2562137 -5.5571117 -0.12929083
1514272620886 -1.1396748 -9.447808 -0.14365649
1514272620938 -0.749408 -9.196409 -0.083799616
1514272621003 0.339987 -8.597841 5.2147307
1514272621055 -0.9194015 -10.122993 -0.9529214
1514272621121 -2.0542877 -11.459 3.057489
1514272621189 -3.79732 -14.257907 3.059883
1514272621241 -0.3304099 -11.435057 -0.12689656
1514272621306 2.2027328 -14.267484 -3.047912
1514272621357 2.1332989 -10.812545 -1.3695252
1514272621422 2.0494993 -7.3145094 -0.65842557
1514272621473 -2.6624336 -7.118179 3.100586
1514272621539 1.2617828 -4.209135 -3.3926873
1514272621608 1.8220432 -11.43745 6.8691745
1514272621658 4.8148866 -15.258714 22.419989
1514272621727 2.6169424 -8.492493 -5.090228
1514272621777 2.4445546 -22.759975 4.925023
1514272621840 1.1636176 -5.856396 -3.0167863
1514272621891 -1.2067145 -10.951413 -0.0071828244
1514272621943 -1.0654523 -8.253065 -1.1205206
1514272621994 -0.10774237 -8.41827 0.5027977
1514272622059 0.21548474 -8.952193 0.35914123
1514272622128 -1.5107874 -8.822903 1.2809371
1514272622179 -0.2753416 -9.466963 2.1117504
1514272622245 -0.87151605 -9.850046 1.0822122
1514272622297 -1.6448668 -10.625792 0.67279124
1514272622360 -0.0023942748 -11.174081 1.9226027
1514272622413 -1.9321798 -13.611452 -1.2306572
1514272622463 -1.56825 -9.766247 -1.9537282
1514272622515 0.34477556 -12.56276 -2.4948344
1514272622580 3.1412885 -10.96099 -4.4270144
1514272622648 3.902668 -8.499676 -2.3392065
1514272622700 2.1476645 -9.845258 -2.4948344
1514272622767 -2.0087965 -9.718362 0.13647367
1514272622818 -0.5650489 -9.651321 -0.66321415
1514272622883 0.4189981 -8.166871 -0.098165266
1514272622934 1.5969813 -12.407132 -0.5865973
1514272622999 2.8252442 -8.557138 0.2681588
1514272623068 2.6337023 -10.551569 1.3623424
1514272623119 -0.24900457 -8.118986 1.977671
1514272623186 -1.2474172 -8.214757 0.071828246
1514272623237 0.17957062 -10.884374 -0.3040729
1514272623302 -0.28013015 -10.034406 -0.29928434
1514272623352 0.05027977 -8.837268 -0.22027329
1514272623406 0.90503585 -10.376787 0.45491222
1514272623458 0.8930645 -10.130177 1.5921928
1514272623520 2.0949905 -10.530021 2.1021733
1514272623586 0.35914123 -10.067925 2.1811843
1514272623638 0.9816527 -10.245102 1.0870007
1514272623704 0.7134939 -9.974549 0.27055305
1514272623755 1.4652961 -9.002473 3.9840732
1514272623821 2.456526 -10.448615 2.779753
1514272623873 -0.3615355 -8.4230585 -4.005622
1514272623936 0.68236834 -9.069513 -0.014365649
1514272624006 0.38068968 -10.94423 1.3360053
1514272624058 1.9489397 -9.924269 1.2162915
1514272624125 1.9848539 -9.234718 0.19154198
1514272624175 0.9289786 -9.320911 -0.56265455
1514272624238 -1.6855695 -9.675264 0.31125572
1514272624307 -0.47885495 -10.92747 1.8435916
1514272624357 -1.5706443 -10.831699 1.7095122
1514272624424 -3.0239692 -12.6010685 3.816474
1514272624475 -0.8786988 -12.31615 4.4485626
1514272624540 1.0510867 -8.45179 -0.16281068
1514272624590 5.06868 -5.8204823 1.5371244
1514272624642 -1.5443072 -6.8859344 6.2777886
1514272624693 3.0335462 -7.206767 7.1995845
1514272624762 2.4996228 -8.954588 5.7654138
1514272624813 1.2138973 -7.8963184 5.39909
1514272624873 7.429435 -8.545167 7.9154725
1514272624925 -4.0199876 -10.898739 6.402291
1514272624977 1.515576 -8.810931 2.9760835
1514272625030 7.106208 -7.5587254 8.473338
1514272625080 16.297829 -4.8771377 8.801354
1514272625153 9.201198 -5.384724 11.47097
1514272625210 6.7015753 -7.022408 10.972961
1514272625261 1.2354459 -7.405492 9.517242
1514272625314 3.476487 -3.9146392 5.334444
1514272625381 2.6121538 -1.1516461 5.1189594
1514272625450 -0.21309046 2.6839821 3.3424077
1514272625501 2.3272352 1.9034485 7.326481
1514272625565 2.8420043 3.756617 5.7223167
1514272625615 -1.2091088 4.3791285 7.472532
1514272625681 0.08858817 3.7183087 7.7957587
1514272625731 0.36392978 2.3631492 11.34168
1514272625781 1.4437478 2.9904492 6.969734
1514272625832 -1.3647367 4.8579836 6.471725
1514272625884 -3.0215747 5.418244 8.530801
1514272625936 -1.2138973 4.14449 9.881172
1514272626000 -2.3032923 4.209135 8.968953
1514272626050 -3.2993107 3.3088877 8.794171
