25
13
28
33
24
33
20
28
27
24
21
26
27
23
26
23
15
22
18
25
14
17
13
15
16
17
17
15
21
31
34
40
28
23
22
22
20
17
16
18
17
3
28
18
349
16
29
22
4
4
10
15
23
30
45
35
36
29
15
2
8
0
341
341
288
309
312
311
335
319
324
310
305
314
315
311
279
301
289
287
283
288
291
290
289
282
283
264
272
274
286
295
285
281
285
288
289
296
280
293
285
284
287
289
290
288
288
284
288
280
268
270
278
273
286
287
280
282
280
284
288
286
301
265
276
267
270
274
271
268
279
283
271
276
274
274
287
274
146
152
151
146
144
138
134
132
131
130
135
135
134
132
131
132
133
132
131
130
130
132
133
136
135
135
136
148
214
165
101
86
73
63
56
59
62
35
42
46
40
49
59
51
53
58
54
69
48
49
52
42
43
36
30
30
35
22
120
85
26
137
304
174
79
92
172
51
333
270
2
341
60
200
93
28
47
334
300
244
304
276
269
271
156
146
230
287
269
278
284
160
138
304
165
110
98
214
272
238
289
266
265
263
157
137
207
250
256
257
255
212
150
280
184
32
104
140
236
221
241
208
278
235
123
110
158
196
214
243
249
160
88
209
118
70
71
128
242
207
187
240
281
245
154
88
172
273
281
236
236
122
77
181
104
72
94
302
230
201
252
299
283
224
87
221
225
290
224
330
212
109
14
100
357
41
301
256
261
239
281
311
252
79
256
238
283
236
310
250
187
162
56
96
49
243
282
298
307
312
292
231
14
225
231
258
319
323
315
0
9
58
99
176
192
167
252
198
295
70
341
17
348
30
27
343
333
336
15
12
220
270
328
335
172
342
254
316
325
103
26
344
17
26
18
318
341
305
30
25
71
1
291
307
173
282
245
294
90
19
349
23
55
21
304
309
4
42
51
80
43
37
269
296
339
244
272
316
85
19
294
41
60
40
316
315
315
47
72
110
30
336
312
222
284
279
337
86
46
358
75
68
51
338
5
38
44
149
157
55
323
321
316
324
305
175
149
43
51
219
32
62
336
12
323
31
78
188
353
209
335
319
280
291
205
64
333
50
123
46
327
326
50
34
129
147
1
285
247
309
335
279
350
154
68
17
76
46
52
320
328
21
53
67
143
129
326
295
281
318
254
301
172
26
181
118
44
61
314
10
291
39
104
114
356
301
316
262
243
282
133
39
359
76
49
30
322
321
308
40
70
178
14
300
286
294
208
289
161
48
21
40
125
25
321
318
29
36
87
187
295
301
290
300
240
266
252
50
41
358
45
32
88
319
343
303
38
55
124
32
269
211
285
320
237
268
145
58
335
40
209
39
130
315
40
47
48
97
118
312
276
289
320
266
271
148
43
346
44
60
58
325
332
26
67
129
110
185
307
317
316
233
273
116
45
334
68
101
53
324
334
18
39
194
218
193
207
316
162
284
271
198
75
50
34
278
44
309
314
39
308
52
186
131
273
329
257
295
264
236
308
181
156
99
64
46
64
206
136
12
20
1
346
281
184
53
127
76
339
311
328
295
324
350
314
327
79
4
287
327
350
23
188
253
220
219
237
318
290
208
246
230
217
247
157
212
225
248
224
209
187
214
222
270
242
253
269
264
260
262
286
286
273
276
276
