1514272434729 -0.1 9.3 -23.2
1514272434792 -0.5 9.3 -23.2
1514272434844 -1.3000001 9.6 -23.0
1514272434910 -6.4 12.400001 -20.7
1514272434977 -9.900001 13.8 -18.2
1514272435028 -10.7 14.0 -17.6
1514272435079 -6.5 17.7 -16.300001
1514272435129 -8.3 16.300001 -17.5
1514272435194 -8.900001 13.8 -19.1
1514272435245 -7.4 13.900001 -19.800001
1514272435295 -7.9 14.6 -19.800001
1514272435346 -8.0 14.7 -19.2
1514272435408 -9.0 14.7 -18.6
1514272435463 -8.400001 14.5 -19.5
1514272435516 -7.7000003 13.1 -20.5
1514272435567 -6.6 13.1 -21.5
1514272435628 -5.9 13.0 -21.800001
1514272435698 -5.9 12.900001 -21.7
1514272435749 -6.2000003 12.8 -22.1
1514272435815 -5.8 12.1 -23.1
1514272435866 -5.8 11.7 -23.5
1514272435934 -5.7000003 10.8 -24.300001
1514272435985 -5.7000003 10.5 -24.7
1514272436049 -5.7000003 10.0 -25.300001
1514272436099 -5.8 9.6 -25.7
1514272436158 -5.8 9.400001 -26.1
1514272436215 -6.0 9.0 -26.5
1514272436265 -6.0 8.7 -26.7
1514272436332 -6.0 8.3 -27.0
1514272436386 -5.9 8.1 -27.300001
1514272436452 -5.7000003 8.1 -27.5
1514272436502 -5.6 8.0 -27.800001
1514272436553 -5.4 7.8 -28.0
1514272436604 -5.3 7.5 -28.1
1514272436666 -5.1 7.1 -28.4
1514272436734 -4.9 6.8 -28.6
1514272436784 -4.7000003 6.6 -28.7
1514272436852 -4.6 6.4 -28.800001
1514272436904 -4.5 6.2000003 -28.9
1514272436960 -4.3 5.9 -28.9
1514272437010 -4.1 5.7000003 -29.0
1514272437073 -4.0 5.4 -29.0
1514272437124 -3.9 5.3 -29.0
1514272437191 -3.7 5.3 -28.9
1514272437258 -3.6000001 5.1 -28.7
1514272437315 -3.5 4.8 -28.7
1514272437375 -3.4 4.4 -28.6
1514272437427 -3.2 4.2000003 -28.6
1514272437489 -2.9 4.0 -28.5
1514272437539 -2.6000001 3.8 -28.5
1514272437590 -2.4 3.7 -28.5
1514272437640 -2.1000001 3.4 -28.5
1514272437691 -1.8000001 3.3 -28.5
1514272437744 -1.3000001 3.0 -28.5
1514272437811 -1.0 2.6000001 -28.6
1514272437880 -0.2 2.4 -28.5
1514272437931 0.1 2.3 -28.5
1514272437983 0.90000004 2.2 -28.5
1514272438045 1.6 2.1000001 -28.4
1514272438111 2.3 1.9 -28.300001
1514272438163 2.9 1.8000001 -28.1
1514272438229 3.7 1.6 -27.800001
1514272438299 4.8 1.4 -27.300001
1514272438350 5.5 1.3000001 -27.0
1514272438418 6.4 1.2 -26.7
1514272438470 6.9 1.2 -26.4
1514272438533 7.7000003 1.1 -26.0
1514272438583 8.400001 0.8 -25.5
1514272438649 9.1 0.3 -25.1
1514272438718 10.0 0.0 -24.4
1514272438769 10.400001 -0.1 -24.300001
1514272438826 11.0 -0.3 -23.800001
1514272438883 11.6 -0.6 -23.300001
1514272438935 12.2 -0.8 -22.800001
1514272438986 12.5 -1.1 -22.5
1514272439052 13.2 -1.4 -22.1
1514272439103 13.8 -1.6 -21.6
1514272439171 14.5 -1.5 -20.9
1514272439237 15.400001 -1.6 -20.0
1514272439287 15.8 -1.7 -19.7
1514272439340 16.300001 -2.0 -19.300001
1514272439391 16.6 -2.2 -19.0
1514272439459 17.4 -2.5 -18.300001
1514272439509 17.6 -2.6000001 -18.0
1514272439572 18.1 -2.8 -17.6
1514272439624 18.4 -3.0 -17.2
1514272439687 18.800001 -3.1000001 -17.0
1514272439755 19.1 -3.3 -16.9
1514272439805 19.300001 -3.3 -16.800001
1514272439870 19.5 -3.2 -16.7
1514272439921 19.800001 -3.1000001 -16.6
1514272439972 19.9 -3.2 -16.5
1514272440027 20.2 -2.9 -16.5
1514272440089 20.4 -2.6000001 -16.5
1514272440143 20.800001 -2.1000001 -16.4
1514272440205 21.1 -1.7 -16.4
1514272440274 21.5 -1.2 -16.300001
1514272440324 21.800001 -1.0 -16.300001
1514272440391 22.1 -0.8 -16.300001
1514272440441 22.4 -0.7 -16.4
1514272440493 22.800001 -0.6 -16.5
1514272440543 23.0 -0.5 -16.6
1514272440609 23.4 -0.6 -16.800001
1514272440660 23.6 -0.90000004 -17.0
1514272440711 23.7 -1.3000001 -17.2
1514272440763 24.0 -1.8000001 -17.5
1514272440813 24.2 -2.4 -17.800001
1514272440864 24.300001 -2.7 -18.0
1514272440927 24.4 -3.3 -18.300001
1514272440978 24.5 -3.9 -18.7
1514272441030 24.6 -4.2000003 -18.9
1514272441080 24.800001 -4.4 -19.2
1514272441132 24.9 -4.7000003 -19.4
1514272441183 24.9 -5.0 -19.5
1514272441235 25.0 -5.2000003 -19.9
1514272441285 25.2 -5.4 -20.0
1514272441340 25.300001 -5.5 -20.300001
1514272441391 25.5 -5.6 -20.4
1514272441450 25.800001 -5.6 -20.5
1514272441501 26.1 -5.7000003 -20.6
1514272441553 26.300001 -5.8 -20.5
1514272441619 26.7 -6.3 -20.4
1514272441671 26.800001 -6.6 -20.300001
1514272441737 27.1 -7.3 -20.1
1514272441787 27.4 -7.6 -19.9
1514272441860 27.800001 -8.2 -19.4
1514272441911 28.0 -8.6 -19.1
1514272441970 28.300001 -9.2 -18.6
1514272442038 28.6 -10.1 -18.2
1514272442088 28.800001 -10.400001 -18.1
1514272442155 29.0 -10.900001 -18.0
1514272442206 29.1 -11.0 -18.0
1514272442271 29.2 -11.1 -17.9
1514272442342 29.5 -10.900001 -17.800001
1514272442393 29.5 -10.8 -17.800001
1514272442462 29.7 -10.5 -17.9
1514272442521 29.800001 -10.1 -18.1
1514272442571 29.800001 -9.8 -18.2
1514272593491 -15.7 -33.9 -10.3
1514272593541 -16.0 -33.600002 -10.3
1514272593594 -16.2 -33.4 -10.2
1514272593664 -16.9 -32.9 -10.1
1514272593714 -18.300001 -32.2 -8.900001
1514272593780 -21.300001 -31.0 -8.5
1514272593830 -22.800001 -30.5 -6.8
1514272593892 -24.4 -30.4 -3.7
1514272593965 -24.800001 -29.4 -5.7000003
1514272594015 -24.9 -29.0 -5.1
1514272594083 -25.300001 -28.6 -6.0
1514272594133 -25.4 -28.800001 -5.7000003
1514272594200 -25.5 -28.9 -5.4
1514272594250 -25.9 -28.7 -5.2000003
1514272594312 -26.300001 -28.5 -5.2000003
1514272594381 -26.5 -28.300001 -5.1
1514272594432 -26.5 -28.300001 -5.0
1514272594497 -26.4 -28.2 -5.3
1514272594548 -26.4 -28.300001 -5.7000003
1514272594600 -26.4 -28.4 -5.8
1514272594650 -26.2 -28.5 -5.9
1514272594715 -26.1 -28.7 -5.9
1514272594765 -25.9 -28.9 -6.1
1514272594816 -25.9 -29.0 -6.0
1514272594867 -26.0 -29.2 -5.9
1514272594919 -25.9 -29.2 -5.8
1514272594969 -26.1 -29.2 -5.6
1514272595034 -26.5 -29.1 -5.2000003
1514272595102 -29.6 -17.300001 19.2
1514272595152 -27.2 -10.0 28.0
1514272595202 -21.6 0.4 33.3
1514272595254 -16.7 5.5 34.0
1514272595319 -11.8 11.7 37.5
1514272595370 -6.1 19.6 32.4
1514272595421 -6.3 23.4 30.800001
1514272595472 -8.1 22.300001 29.9
1514272595538 -11.0 22.4 27.7
1514272595589 -10.900001 24.0 26.5
1514272595640 -11.2 24.800001 23.1
1514272595690 -12.400001 23.6 23.5
1514272595741 -12.1 21.1 27.300001
1514272595792 -11.8 21.300001 24.800001
1514272595855 -12.0 21.5 26.300001
1514272595906 -12.3 21.0 23.4
1514272595957 -14.2 20.300001 23.2
1514272596009 -16.300001 19.800001 21.6
1514272596059 -17.1 18.2 18.0
1514272596110 -19.5 18.2 15.5
1514272596174 -19.800001 17.800001 14.6
1514272596242 -20.5 20.1 5.1
1514272596293 -22.0 20.4 4.0
1514272596359 -17.6 21.800001 -0.6
1514272596410 -17.9 23.0 -2.5
1514272596477 -14.7 23.9 -3.8
1514272596527 -11.7 24.7 -8.2
1514272596578 -8.0 25.6 -12.2
1514272596628 -7.7000003 24.0 -11.0
1514272596679 -7.7000003 23.9 -12.6
1514272596731 -8.8 23.1 -16.0
1514272596795 -13.6 18.800001 -16.300001
1514272596846 -12.5 10.7 -22.9
1514272596896 -9.5 11.0 -24.300001
1514272596948 -11.2 11.7 -22.300001
1514272596998 -9.3 11.1 -24.1
1514272597048 -14.3 13.5 -19.7
1514272597099 -13.6 12.5 -20.300001
1514272597151 -11.1 11.900001 -24.300001
1514272597214 -10.6 14.8 -21.1
1514272597266 -4.4 15.0 -21.6
1514272597316 -6.4 15.7 -21.7
1514272597367 -11.0 15.3 -19.5
1514272597419 -9.8 16.9 -17.800001
1514272597470 -12.8 18.5 -14.400001
1514272597533 -12.0 18.6 -13.3
1514272597601 -12.0 20.0 -12.3
1514272597651 -12.3 19.800001 -12.400001
1514272597717 -10.0 21.800001 -12.3
1514272597768 -11.6 18.5 -15.400001
1514272597819 -10.400001 17.6 -16.7
1514272597869 -9.8 17.5 -17.4
1514272597919 -13.6 14.6 -17.2
1514272597969 -12.8 10.0 -20.1
1514272598020 -12.8 7.4 -22.9
1514272598070 -17.7 1.9 -19.300001
1514272598137 -15.2 4.5 -19.7
1514272598188 -21.2 2.1000001 -16.4
1514272598240 -21.1 2.5 -17.0
1514272598291 -19.7 3.0 -18.800001
1514272598355 -18.2 1.5 -21.300001
1514272598406 -14.6 5.7000003 -22.0
1514272598457 -12.8 7.3 -23.1
1514272598508 -14.6 7.5 -22.2
1514272598559 -16.1 11.2 -17.0
1514272598610 -19.2 12.1 -13.900001
1514272598674 -17.5 13.8 -14.3
1514272598724 -15.400001 16.2 -12.1
1514272598774 -19.6 13.3 -14.5
1514272598825 -16.6 13.6 -16.9
1514272598875 -15.400001 12.5 -18.800001
1514272598926 -16.5 7.0 -20.5
1514272598976 -16.800001 4.6 -19.2
1514272599027 -19.7 -0.2 -20.6
1514272599079 -18.5 -5.7000003 -20.7
1514272599129 -19.0 -5.2000003 -21.1
1514272599179 -19.800001 -5.6 -20.7
1514272599230 -22.6 -7.1 -17.9
1514272599295 -23.9 -5.9 -13.3
1514272599346 -23.7 -7.1 -14.5
1514272599398 -21.1 -3.7 -14.8
1514272599449 -19.9 -1.5 -16.300001
1514272599500 -15.8 -0.5 -18.9
1514272599550 -15.0 1.7 -18.0
1514272599614 -18.300001 3.8 -15.2
1514272599665 -19.2 4.4 -12.7
1514272599715 -17.4 5.9 -11.1
1514272599782 -19.6 4.9 -8.2
1514272599832 -17.300001 5.8 -8.3
1514272599898 -18.5 4.9 -8.3
1514272599949 -16.9 2.8 -5.6
1514272600000 -17.4 4.5 -6.2000003
1514272600052 -21.0 -0.8 -7.7000003
1514272600116 -20.1 0.0 -7.2000003
1514272600167 -21.0 -1.3000001 -6.7000003
1514272600218 -22.800001 -2.0 -4.2000003
1514272600269 -22.6 0.0 -3.5
1514272600320 -24.5 -0.2 -0.7
1514272600371 -25.9 -0.3 2.4
1514272600435 -26.300001 2.5 0.7
1514272600503 -28.9 -0.1 -0.1
1514272600555 -28.0 2.4 -1.4
1514272600619 -27.5 3.9 -4.9
1514272600670 -25.9 6.4 -3.4
1514272600722 -27.9 8.2 -0.1
1514272600772 -29.1 8.3 0.6
1514272600837 -28.800001 8.8 0.7
1514272600887 -29.1 10.0 1.5
1514272600938 -30.9 8.900001 1.1
1514272600989 -29.2 11.0 0.2
1514272601039 -29.4 11.400001 -1.4
1514272601090 -29.9 11.1 -1.4
1514272601156 -29.9 9.8 -2.3
1514272601207 -31.9 5.2000003 -5.9
1514272601258 -31.1 4.0 -6.8
1514272601308 -32.4 4.1 -6.1
1514272601358 -33.8 4.5 -3.7
1514272601409 -32.100002 7.9 -2.4
1514272601460 -33.4 8.1 -0.1
1514272601510 -34.0 6.2000003 -2.5
1514272601562 -33.100002 8.400001 -2.8
1514272601613 -33.5 8.5 -3.2
1514272601676 -32.2 10.3 -6.7000003
1514272601744 -30.0 13.7 -8.7
1514272601794 -31.7 13.7 0.4
1514272601861 -30.2 17.1 2.9
1514272601912 -32.0 15.6 4.8
1514272601978 -30.800001 17.1 5.3
1514272602028 -31.6 16.2 3.6000001
1514272602079 -31.7 15.3 -1.1
1514272602129 -27.5 20.1 -1.0
1514272602179 -29.7 18.2 -3.3
1514272602231 -31.6 11.2 -6.3
1514272602282 -30.5 10.1 -10.2
1514272602333 -33.2 6.8 -8.2
1514272602397 -32.8 10.2 -7.4
1514272602448 -31.1 13.400001 -6.1
1514272602499 -32.8 10.400001 -2.1000001
1514272602549 -31.0 14.2 -2.8
1514272602601 -29.6 15.1 -6.2000003
1514272602652 -30.2 14.3 -4.8
1514272602702 -28.5 16.5 -6.5
1514272602753 -23.6 20.0 -10.1
1514272602817 -21.7 22.2 -9.5
1514272602883 -22.9 24.9 3.0
1514272602935 -23.1 24.5 3.7
1514272603001 -21.800001 26.5 6.8
1514272603052 -23.4 24.300001 4.6
1514272603103 -20.300001 27.1 1.3000001
1514272603153 -19.4 27.9 -1.7
1514272603220 -22.5 23.1 -4.3
1514272603272 -22.5 20.9 -7.8
1514272603337 -25.300001 14.6 -13.400001
1514272603387 -25.7 14.2 -12.0
1514272603437 -26.9 17.2 -11.0
1514272603488 -26.2 17.4 -8.900001
1514272603539 -27.800001 16.800001 -5.5
1514272603589 -27.6 18.6 -5.9
1514272603640 -27.7 17.2 -7.7000003
1514272603690 -25.6 18.9 -6.5
1514272603741 -24.4 20.6 -8.0
1514272603791 -21.2 19.2 -10.2
1514272603843 -19.0 23.5 -10.6
1514272603894 -18.9 23.5 -10.7
1514272603957 -19.0 24.5 -5.4
1514272604009 -17.800001 27.0 -4.8
1514272604059 -17.7 26.300001 -8.0
1514272604109 -14.400001 26.1 -10.5
1514272604161 -15.8 25.300001 -12.7
1514272604212 -15.8 17.9 -18.7
1514272604263 -13.6 17.1 -20.4
1514272604314 -12.5 15.900001 -22.2
1514272604376 -10.0 13.5 -24.4
1514272604427 -6.5 18.2 -23.5
1514272604477 -3.6000001 18.6 -23.9
1514272604528 -4.9 17.5 -23.7
1514272604579 -4.0 19.300001 -23.2
1514272604629 0.6 20.300001 -21.800001
1514272604680 1.1 21.800001 -21.1
1514272604730 3.2 23.5 -18.2
1514272604781 8.0 22.5 -17.2
1514272604831 11.900001 24.7 -12.6
1514272604897 16.9 27.6 -5.0
1514272604947 18.2 27.5 3.5
1514272604998 17.4 28.2 8.7
1514272605049 20.6 26.2 12.8
1514272605099 19.2 25.800001 14.1
1514272605150 16.9 26.800001 17.300001
1514272605201 18.6 22.2 20.9
1514272605253 14.400001 21.6 27.4
1514272605316 13.1 23.1 25.0
1514272605384 15.900001 26.1 19.6
1514272605435 18.4 27.300001 13.8
1514272605501 14.5 29.6 1.0
1514272605551 7.0 29.6 -4.9
1514272605602 8.6 28.300001 -6.8
1514272605652 4.7000003 27.7 -12.6
1514272605702 5.3 28.9 -10.7
1514272605754 9.0 29.6 -6.4
1514272605819 7.8 29.6 -7.1
1514272605871 7.0 29.800001 -9.3
1514272605922 9.0 30.7 -4.8
1514272605973 10.7 31.800001 1.4
1514272606037 14.0 29.800001 7.4
1514272606088 14.6 28.9 12.3
1514272606138 15.900001 29.6 14.7
1514272606188 18.7 26.300001 17.800001
1514272606240 16.300001 26.2 18.0
1514272606291 16.800001 27.5 20.300001
1514272606342 16.5 26.2 21.9
1514272606392 16.800001 27.4 18.4
1514272606443 19.6 29.1 12.400001
1514272606493 22.300001 26.0 6.5
1514272606557 17.6 29.1 3.6000001
1514272606625 16.0 28.4 -4.7000003
1514272606676 13.400001 27.300001 -9.400001
1514272606741 13.3 28.2 -11.3
1514272606792 17.6 26.5 -9.1
1514272606843 13.1 25.300001 -13.8
1514272606894 16.6 27.300001 -11.8
1514272606960 19.1 27.800001 -7.5
1514272607011 18.5 29.300001 -5.7000003
1514272607064 23.4 27.9 1.1
1514272607114 23.0 27.2 5.2000003
1514272607178 23.300001 27.6 11.6
1514272607228 27.2 25.0 10.7
1514272607279 26.1 26.1 10.8
1514272607330 27.2 24.300001 15.3
1514272607382 27.9 25.300001 16.6
1514272607433 26.0 25.2 18.0
1514272607495 28.6 24.9 8.900001
1514272607552 29.300001 24.6 5.3
1514272607614 25.800001 26.6 1.1
1514272607680 25.4 26.800001 -3.2
1514272607731 23.4 26.300001 -8.7
1514272607783 23.6 24.2 -11.8
1514272607835 23.6 24.6 -9.6
1514272607899 24.800001 23.0 -12.8
1514272607949 24.800001 22.7 -12.400001
1514272607999 24.9 24.2 -7.2000003
1514272608050 26.7 24.1 -3.7
1514272608101 27.800001 23.6 -1.3000001
1514272608153 29.2 22.5 7.7000003
1514272608204 27.9 18.5 19.300001
1514272608254 27.9 17.800001 19.1
1514272608318 30.7 17.0 13.2
1514272608369 31.2 14.6 18.6
1514272608419 27.5 13.900001 18.6
1514272608470 26.7 14.3 18.4
1514272608520 26.7 13.6 17.2
1514272608571 24.7 15.3 14.0
1514272608624 24.6 15.5 10.0
1514272608674 21.4 18.1 8.6
1514272608738 17.5 18.9 3.9
1514272608790 17.6 18.5 0.1
1514272608840 15.6 18.9 -0.8
1514272608894 18.800001 17.800001 1.1
1514272608946 19.6 16.6 -2.4
1514272608998 16.4 17.2 -2.6000001
1514272609067 18.300001 19.0 5.1
1514272609123 17.800001 19.0 7.5
1514272609175 16.5 18.6 9.7
1514272609227 16.5 14.7 17.0
1514272609278 15.3 15.6 21.300001
1514272609344 21.9 11.0 19.9
1514272609394 20.800001 10.3 20.2
1514272609460 16.5 9.7 26.300001
1514272609510 18.1 8.400001 25.9
1514272609562 16.300001 11.0 27.4
1514272609612 19.1 15.8 25.7
1514272609664 18.2 18.4 22.4
1514272609715 13.900001 22.2 20.7
1514272609778 14.2 25.300001 15.2
1514272609829 13.0 28.4 11.6
1514272609881 11.5 29.1 10.1
1514272609932 17.800001 26.300001 14.400001
1514272609983 17.7 26.0 9.900001
1514272610034 16.4 27.4 7.1
1514272610098 16.300001 26.1 13.2
1514272610165 14.6 27.0 16.4
1514272610216 16.800001 25.0 19.9
1514272610282 12.6 23.4 21.800001
1514272610332 12.1 20.800001 27.6
1514272610384 17.7 17.1 26.300001
1514272610434 20.4 16.300001 25.800001
1514272610500 18.5 13.400001 29.2
1514272610552 16.0 15.0 29.4
1514272610603 17.2 19.0 25.2
1514272610654 20.9 20.2 23.7
1514272610718 17.2 21.9 20.1
1514272610785 15.1 27.6 13.5
1514272610836 12.6 28.2 7.9
1514272610902 14.900001 28.7 3.3
1514272610953 15.400001 28.2 4.3
1514272611020 15.3 27.7 7.8
1514272611070 17.9 26.1 0.8
1514272611121 18.2 26.5 4.3
1514272611171 16.4 27.2 8.7
1514272611223 19.1 25.7 10.3
1514272611274 16.0 26.4 13.2
1514272611339 15.1 24.0 19.7
1514272611405 14.7 20.9 24.300001
1514272611457 17.7 18.300001 24.0
1514272611521 22.9 15.6 23.300001
1514272611572 17.1 15.0 26.7
1514272611623 17.4 15.7 27.2
1514272611674 19.4 18.0 23.5
1514272611740 19.5 20.4 19.9
1514272611791 20.4 23.1 17.9
1514272611843 15.6 25.2 14.0
1514272611895 15.7 25.9 8.900001
1514272611959 16.7 25.300001 3.7
1514272612026 20.2 24.6 6.4
1514272612077 20.6 23.4 -0.2
1514272612144 19.7 25.6 2.3
1514272612195 18.6 25.300001 5.2000003
1514272612261 19.300001 24.2 7.9
1514272612312 19.1 23.9 14.2
1514272612363 17.7 21.0 19.4
1514272612414 15.900001 19.300001 24.1
1514272612479 20.0 16.5 25.4
1514272612530 24.7 14.400001 19.9
1514272612582 24.0 14.1 23.800001
1514272612634 21.300001 13.6 25.2
1514272612697 21.9 15.1 24.1
1514272612764 23.6 18.4 18.5
1514272612815 23.800001 19.6 15.8
1514272612882 22.6 20.300001 16.300001
1514272612933 20.1 22.1 10.400001
1514272612984 21.7 23.7 4.9
1514272613035 21.7 23.6 2.1000001
1514272613100 23.2 21.5 6.2000003
1514272613154 24.0 21.1 -1.6
1514272613204 25.9 22.0 0.0
1514272613255 25.2 22.800001 2.4
1514272613318 26.6 23.6 8.7
1514272613369 25.6 21.9 8.900001
1514272613420 26.4 20.5 11.2
1514272613473 25.4 18.300001 18.300001
1514272613534 25.0 16.300001 22.4
1514272613604 27.6 12.900001 25.0
1514272613654 27.800001 11.400001 23.7
1514272613722 29.2 11.2 25.5
1514272613774 29.6 12.900001 26.5
1514272613838 28.7 16.1 22.5
1514272613905 27.4 19.6 18.4
1514272613955 25.800001 22.1 16.9
1514272614022 25.0 24.5 9.6
1514272614073 23.800001 23.9 2.9
1514272614131 22.1 24.9 -0.5
1514272614183 24.4 23.6 1.6
1514272614250 23.300001 24.300001 -3.4
1514272614301 23.300001 24.300001 -1.0
1514272614357 21.800001 25.6 3.2
1514272614426 22.7 26.0 5.9
1514272614477 21.9 25.300001 11.1
1514272614541 21.5 23.300001 14.3
1514272614592 21.1 23.4 19.1
1514272614647 24.7 20.9 18.6
1514272614698 25.0 19.800001 17.5
1514272614759 21.4 20.6 24.4
1514272614811 21.9 21.2 21.800001
1514272614868 23.1 24.4 17.5
1514272614932 23.1 25.2 11.6
1514272614982 21.4 27.0 11.1
1514272615046 17.800001 28.4 -0.5
1514272615099 16.300001 27.5 -4.6
1514272615166 15.8 27.9 -8.400001
1514272615217 18.800001 27.4 -4.3
1514272615280 15.8 25.800001 -10.6
1514272615334 17.0 27.9 -7.4
1514272615399 16.5 28.1 -4.1
1514272615469 18.4 28.7 -2.0
1514272615520 18.7 27.4 0.3
1514272615582 19.9 27.4 6.5
1514272615632 17.800001 27.4 13.8
1514272615685 19.4 25.800001 16.2
1514272615736 22.9 24.0 19.300001
1514272615807 21.6 24.0 17.5
1514272615857 19.7 24.2 19.4
1514272615916 22.0 26.300001 12.2
1514272615987 22.7 25.800001 6.5
1514272616039 22.4 25.800001 6.3
1514272616105 18.9 27.1 -1.2
1514272616157 17.7 26.6 -2.6000001
1514272616223 15.2 25.9 -9.1
1514272616289 19.300001 27.0 -5.1
1514272616340 15.900001 25.300001 -10.3
1514272616406 14.2 25.800001 -8.8
1514272616456 15.900001 26.300001 -10.2
1514272616509 16.5 26.9 -4.2000003
1514272616560 18.6 27.300001 -1.1
1514272616625 20.6 26.2 6.7000003
1514272616676 19.9 26.1 10.0
1514272616743 22.7 24.5 11.400001
1514272616794 22.2 22.9 12.5
1514272616846 24.5 22.9 20.1
1514272616896 21.0 23.1 20.2
1514272616960 20.6 23.9 15.900001
1514272617029 23.0 25.1 10.8
1514272617080 22.7 25.2 4.7000003
1514272617148 19.7 26.5 2.0
1514272617198 18.5 27.1 -1.6
1514272617260 18.300001 26.1 -5.6
1514272617312 15.7 25.6 -7.9
1514272617362 19.5 25.5 -5.6
1514272617414 16.0 24.2 -10.7
1514272617467 18.2 23.800001 -8.2
1514272617518 19.0 24.5 -7.9
1514272617577 20.4 23.800001 -6.7000003
1514272617628 22.300001 24.4 -1.5
1514272617679 22.9 23.9 2.1000001
1514272617730 24.1 22.800001 8.8
1514272617781 23.7 22.0 13.3
1514272617832 24.6 20.300001 13.3
1514272617884 26.0 18.800001 12.8
1514272617935 26.800001 18.300001 14.2
1514272617999 24.7 18.4 17.300001
1514272618069 27.6 20.2 13.0
1514272618120 27.0 21.5 8.900001
1514272618183 26.1 23.2 8.8
1514272618234 24.4 24.800001 7.1
1514272618286 23.2 26.5 1.5
1514272618337 21.9 26.6 -1.6
1514272618399 22.300001 26.800001 2.0
1514272618449 25.5 26.0 3.1000001
1514272618504 23.2 26.1 -2.5
1514272618556 24.1 27.6 2.9
1514272618620 23.4 27.4 6.1
1514272618688 22.7 26.7 8.8
1514272618739 23.5 27.7 12.0
1514272618806 19.800001 25.300001 21.6
1514272618856 22.1 23.4 22.7
1514272618908 24.4 20.800001 23.0
1514272618959 24.0 19.6 24.4
1514272619023 23.800001 19.5 25.5
1514272619075 22.300001 21.300001 25.1
1514272619141 22.9 23.4 20.0
1514272619192 24.6 24.800001 13.6
1514272619244 22.2 27.5 11.6
1514272619294 21.300001 28.800001 8.900001
1514272619359 17.9 28.9 -0.8
1514272619428 19.300001 29.300001 -3.2
1514272619478 20.1 29.0 2.6000001
1514272619542 20.6 28.1 -4.1
1514272619594 20.300001 28.4 -4.0
1514272619658 20.4 30.2 4.2000003
1514272619711 20.7 30.2 4.5
1514272619762 22.300001 29.9 4.7000003
1514272619813 22.5 28.1 9.900001
1514272619879 21.0 26.800001 16.6
1514272619947 24.6 22.5 21.4
1514272619998 26.800001 23.0 20.300001
1514272620063 22.2 20.800001 25.0
1514272620113 22.6 22.5 25.9
1514272620177 24.5 23.7 20.6
1514272620246 24.9 25.9 13.8
1514272620298 24.0 27.1 11.8
1514272620364 20.1 29.0 4.0
1514272620416 19.4 29.800001 -0.1
1514272620482 19.1 29.2 -2.4
1514272620533 22.0 27.9 2.6000001
1514272620586 20.2 26.9 -4.7000003
1514272620637 22.7 27.4 -2.9
1514272620701 20.4 28.6 -0.6
1514272620769 22.1 28.5 3.8
1514272620820 21.7 27.0 4.9
1514272620886 24.1 25.800001 7.9
1514272620938 23.7 24.800001 14.3
1514272621003 27.0 22.1 16.1
1514272621055 28.9 19.6 16.7
1514272621121 26.7 18.0 21.4
1514272621189 26.2 18.5 23.300001
1514272621241 26.6 20.1 21.1
1514272621307 28.300001 21.7 16.9
1514272621357 28.300001 22.6 12.8
1514272621422 26.9 24.800001 11.5
1514272621473 24.6 26.6 5.3
1514272621539 24.5 26.4 0.0
1514272621608 27.1 27.0 0.90000004
1514272621658 28.4 25.2 2.5
1514272621727 27.300001 25.7 -3.3
1514272621777 26.800001 25.9 0.4
1514272621840 27.1 26.5 2.0
1514272621891 27.2 26.7 2.6000001
1514272621944 28.4 26.5 3.1000001
1514272621994 28.9 25.0 5.9
1514272622059 29.0 23.800001 14.3
1514272622128 30.300001 21.800001 15.8
1514272622179 31.6 20.800001 14.8
1514272622245 32.0 20.2 16.6
1514272622297 32.600002 20.2 17.9
1514272622360 32.3 19.6 22.0
1514272622413 32.9 20.4 21.0
1514272622463 32.5 20.9 20.0
1514272622515 33.5 21.7 15.400001
1514272622580 33.7 22.0 13.7
1514272622648 31.800001 24.7 15.900001
1514272622700 31.0 25.300001 15.6
1514272622767 31.9 26.7 10.0
1514272622818 32.2 25.800001 5.3
1514272622883 33.5 24.5 0.1
1514272622934 33.7 23.0 1.2
1514272622999 35.0 23.0 4.1
1514272623069 34.4 23.800001 6.3
1514272623120 34.100002 25.4 4.5
1514272623186 32.0 25.2 0.0
1514272623237 32.2 25.1 -2.5
1514272623302 32.9 24.4 -2.5
1514272623352 33.9 24.5 0.2
1514272623406 34.4 24.0 2.4
1514272623458 34.2 24.2 3.7
1514272623520 34.600002 24.1 5.0
1514272623586 34.2 25.4 4.5
1514272623638 33.3 25.0 4.8
1514272623704 33.9 25.7 5.6
1514272623755 33.0 26.6 6.3
1514272623821 32.8 25.6 4.6
1514272623873 33.2 26.2 2.9
1514272623936 32.7 25.5 2.2
1514272624006 32.100002 25.300001 -2.6000001
1514272624058 32.5 24.6 -3.7
1514272624125 33.4 23.4 -3.9
1514272624175 33.600002 22.300001 -3.8
1514272624238 36.0 19.4 -2.6000001
1514272624307 36.2 19.300001 -5.5
1514272624357 34.600002 18.9 -7.5
1514272624424 31.9 18.9 -13.2
1514272624475 29.2 17.1 -18.800001
1514272624540 22.0 11.0 -28.300001
1514272624590 21.7 6.0 -30.800001
1514272624642 19.2 5.2000003 -31.0
1514272624693 17.1 4.2000003 -33.3
1514272624762 13.2 0.1 -34.8
1514272624813 12.5 -1.0 -36.100002
1514272624873 9.8 -2.3 -36.0
1514272624925 6.2000003 -5.9 -32.7
1514272624977 2.8 -6.7000003 -36.5
1514272625030 -1.6 -8.0 -36.600002
1514272625080 -4.4 -6.9 -36.100002
1514272625153 -4.6 -10.1 -35.600002
1514272625210 -2.7 -15.3 -33.3
1514272625261 -0.6 -17.1 -33.8
1514272625314 3.5 -20.300001 -32.0
1514272625381 9.8 -20.4 -28.1
1514272625450 15.0 -21.300001 -25.4
1514272625501 19.2 -18.0 -22.5
1514272625565 22.7 -15.8 -21.0
1514272625615 24.1 -14.5 -20.5
1514272625681 25.9 -11.900001 -17.9
1514272625731 28.2 -9.1 -18.5
1514272625781 27.0 -10.2 -18.1
1514272625832 27.800001 -8.400001 -17.5
1514272625884 29.800001 -7.2000003 -15.7
1514272625936 30.4 -6.5 -14.900001
1514272626000 30.7 -6.6 -13.7
1514272626050 31.7 -5.3 -11.5
